5   8.25   73   80   117   11.75   0.17   0.01   30.9   8.3
7   9.0   79   72   115   10.75   0.13   0.01   25.5   7.1
9   9.5   84   65   113   10.0   0.11   0.01   21.8   6.3
10   9.5   84   62   111   9.75   0.11   0.01   20.8   6.1
11   9.75   86   60   112   9.5   0.1   0.01   19.6   5.8
13   10.25   89   56   112   9.0   0.09   0.0   17.4   5.4
15   10.25   90   52   111   8.5   0.08   0.0   16.1   5.1
17   10.5   92   50   110   8.25   0.07   0.0   15.2   4.9
19   10.5   92   47   110   8.0   0.07   0.0   14.2   4.8
21   10.5   93   45   109   7.5   0.07   0.0   13.6   4.7
