5.085
5.122
5.077
5.156
5.055
5.100
5.142
5.092
5.062
5.067
5.114
5.042
5.138
5.119
5.128
5.125
5.148
5.122
5.130
5.135
5.116
5.136
5.041
5.079
5.120
5.159
5.079
5.107
5.111
5.072
5.159
5.159
5.045
5.159
5.139
5.142
5.110
5.099
5.112
5.132
5.105
5.146
5.122
5.102
5.122
5.150
5.143
5.130
5.112
5.108
5.139
5.187
5.115
5.089
5.063
5.123
5.103
5.107
5.113
5.131
5.091
5.124
5.124
5.073
5.104
5.092
5.122
5.139
5.129
5.135
5.048
5.118
5.155
5.137
5.131
5.127
5.072
5.096
5.092
5.109
5.042
5.117
5.106
5.068
5.135
5.113
5.135
5.128
5.115
5.084
5.115
5.125
5.105
5.122
5.150
5.119
5.090
5.132
5.132
5.122
5.101
5.140
5.122
5.118
5.088
5.117
5.120
5.097
5.108
5.124
5.171
5.050
5.136
5.153
5.147
5.104
5.131
5.047
5.113
5.100
5.096
5.182
5.159
5.114
5.028
5.088
5.157
5.118
5.124
5.107
5.089
5.136
5.109
5.083
5.170
5.085
5.112
5.091
5.108
5.100
5.079
5.172
5.114
5.120
5.124
5.127
5.165
5.109
5.144
5.078
5.165
5.110
5.121
5.098
5.110
5.108
5.141
5.090
5.053
5.123
5.161
5.102
5.155
5.111
5.097
5.120
5.122
5.163
5.129
5.137
5.117
5.103
5.091
5.101
5.065
5.110
5.130
5.145
5.082
5.094
5.044
5.101
5.119
5.041
5.125
5.062
5.123
5.087
5.162
5.136
5.133
5.141
5.054
5.132
5.110
5.108
5.201
5.080
5.109
5.089
5.123
5.119
5.104
5.043
5.105
5.125
5.071
5.165
5.046
5.172
5.087
5.123
5.134
5.127
5.110
5.154
5.158
5.041
5.085
5.099
5.115
5.067
5.097
5.163
5.110
5.143
5.103
5.115
5.034
5.129
5.135
5.068
5.106
5.056
5.118
5.166
5.085
5.041
5.136
5.122
5.150
5.041
5.113
5.121
5.110
5.123
5.121
5.096
5.115
5.127
5.102
